[[[ 0.          0.          0.         ...,  0.          0.          0.        ]
  [ 0.          0.          0.         ...,  0.          0.          0.        ]
  [ 0.          0.          0.         ...,  0.          0.          0.        ]
  ..., 
  [ 0.          0.          0.         ...,  0.          0.          0.        ]
  [ 0.          0.          0.         ...,  0.          0.          0.        ]
  [ 0.          0.          0.         ...,  0.          0.          0.        ]]

 [[-0.70710678 -0.76148612 -0.80794664 ..., -0.80794664 -0.76148612
   -0.70710678]
  [-0.64818122 -0.69802894 -0.74061776 ..., -0.74061776 -0.69802894
   -0.64818122]
  [-0.58925565 -0.63457177 -0.67328887 ..., -0.67328887 -0.63457177
   -0.58925565]
  ..., 
  [ 0.58925565  0.63457177  0.67328887 ...,  0.67328887  0.63457177
    0.58925565]
  [ 0.64818122  0.69802894  0.74061776 ...,  0.74061776  0.69802894
    0.64818122]
  [ 0.70710678  0.76148612  0.80794664 ...,  0.80794664  0.76148612
    0.70710678]]

 [[-0.70710678 -0.64818122 -0.58925565 ...,  0.58925565  0.64818122
    0.70710678]
  [-0.76148612 -0.69802894 -0.63457177 ...,  0.63457177  0.69802894
    0.76148612]
  [-0.80794664 -0.74061776 -0.67328887 ...,  0.67328887  0.74061776
    0.80794664]
  ..., 
  [-0.80794664 -0.74061776 -0.67328887 ...,  0.67328887  0.74061776
    0.80794664]
  [-0.76148612 -0.69802894 -0.63457177 ...,  0.63457177  0.69802894
    0.76148612]
  [-0.70710678 -0.64818122 -0.58925565 ...,  0.58925565  0.64818122
    0.70710678]]]