[ 1.          1.          1.          0.99999999  0.99999998  0.99999994
  0.99999979  0.99999935  0.99999803  0.9999943   0.99998423  0.99995839
  0.99989564  0.99975168  0.99944079  0.9988107   0.99761573  0.99549939
  0.99200226  0.98660609  0.97880988  0.96821554  0.95459243  0.93789934
  0.91826129  0.89591342  0.87112579  0.84410774  0.81483668  0.78244929
  0.68508519  0.65996075  0.63868487  0.62053435  0.60551716  0.59378036
  0.5853611   0.58001805  0.57717964  0.57605385  0.57583777  0.57588363
  0.575731    0.57503189  0.57345206  0.57060867  0.56606346  0.55936563
  0.55012847  0.53811905  0.52333734  0.50606228  0.48684947  0.46647687
  0.44584819  0.42587429  0.407357    0.39089714  0.37683979  0.36525883
  0.35597177  0.34856835  0.34243233  0.33673652  0.33039591  0.32198182
  0.30964455  0.29120159  0.26474792  0.23027612  0.19207063  0.15894561
  0.13825037  0.12918708  0.12618406  0.12532175  0.12508634  0.12502306
  0.12500614  0.12500163  0.12500043  0.12500011  0.12500003  0.12500001
  0.125       0.125       0.125       0.125       0.125       0.125       0.125
  0.125       0.125       0.125       0.125       0.125       0.125       0.125
  0.125       0.125     ]
