  nt=         1000
  
 t=   0.0000000000000000      nx=         101 ny=           1 dt=   0.00000000    
  
 x= y= u= v= rho= P= 
     0.0000000000000000        0.0000000000000000        1.0000000000000000E-002   1.0000000000000000E-002   1.0000000000000000E-002   1.0000000000000000E-002   1.0000000000000000        0.0000000000000000        0.0000000000000000        1.0000000000000000        1.0000000000000000     
     1.0000000000000000        0.0000000000000000        9.0444019531096195E-002   9.0444019531096195E-002   9.0444019531096195E-002   9.0444019531096195E-002   1.0000000000000000        0.0000000000000000        0.0000000000000000        1.0000000000000000        1.0000000000000000     
     2.0000000000000000        0.0000000000000000       0.17172520702345051       0.17172520702345051       0.17172520702345051       0.17172520702345051        1.0000000000000000        0.0000000000000000        0.0000000000000000        1.0000000000000000        1.0000000000000000     
     3.0000000000000000        0.0000000000000000       0.25376638172520483       0.25376638172520483       0.25376638172520483       0.25376638172520483        1.0000000000000000        0.0000000000000000        0.0000000000000000        1.0000000000000000        1.0000000000000000     
     4.0000000000000000        0.0000000000000000       0.33648924759940513       0.33648924759940513       0.33648924759940513       0.33648924759940513        1.0000000000000000        0.0000000000000000        0.0000000000000000        1.0000000000000000        1.0000000000000000     
     5.0000000000000000        0.0000000000000000       0.41981445637658110       0.41981445637658110       0.41981445637658110       0.41981445637658110        1.0000000000000000        0.0000000000000000        0.0000000000000000        1.0000000000000000        1.0000000000000000     
     6.0000000000000000        0.0000000000000000       0.50366167096931369       0.50366167096931369       0.50366167096931369       0.50366167096931369        1.0000000000000000        0.0000000000000000        0.0000000000000000        1.0000000000000000        1.0000000000000000     
     7.0000000000000000        0.0000000000000000       0.58794962921621641       0.58794962921621641       0.58794962921621641       0.58794962921621641        1.0000000000000000        0.0000000000000000        0.0000000000000000        1.0000000000000000        1.0000000000000000     
     8.0000000000000000        0.0000000000000000       0.67259620792266239       0.67259620792266239       0.67259620792266239       0.67259620792266239        1.0000000000000000        0.0000000000000000        0.0000000000000000        1.0000000000000000        1.0000000000000000     
     9.0000000000000000        0.0000000000000000       0.75751848716550418       0.75751848716550418       0.75751848716550418       0.75751848716550418        1.0000000000000000        0.0000000000000000        0.0000000000000000        1.0000000000000000        1.0000000000000000     
     10.000000000000000        0.0000000000000000       0.84263281482896635       0.84263281482896635       0.84263281482896635       0.84263281482896635        1.0000000000000000        0.0000000000000000        0.0000000000000000        1.0000000000000000        1.0000000000000000     
     11.000000000000000        0.0000000000000000       0.92785487133883360       0.92785487133883360       0.92785487133883360       0.92785487133883360        1.0000000000000000        0.0000000000000000        0.0000000000000000        1.0000000000000000        1.0000000000000000     
     12.000000000000000        0.0000000000000000        1.0130997345620203        1.0130997345620203        1.0130997345620203        1.0130997345620203        1.0000000000000000        0.0000000000000000        0.0000000000000000        1.0000000000000000        1.0000000000000000     
     13.000000000000000        0.0000000000000000        1.0982819448385726        1.0982819448385726        1.0982819448385726        1.0982819448385726        1.0000000000000000        0.0000000000000000        0.0000000000000000        1.0000000000000000        1.0000000000000000     
     14.000000000000000        0.0000000000000000        1.1833155701131499        1.1833155701131499        1.1833155701131499        1.1833155701131499        1.0000000000000000        0.0000000000000000        0.0000000000000000        1.0000000000000000        1.0000000000000000     
     15.000000000000000        0.0000000000000000        1.2681142711330236        1.2681142711330236        1.2681142711330236        1.2681142711330236        1.0000000000000000        0.0000000000000000        0.0000000000000000        1.0000000000000000        1.0000000000000000     
     16.000000000000000        0.0000000000000000        1.3525913666796519        1.3525913666796519        1.3525913666796519        1.3525913666796519        1.0000000000000000        0.0000000000000000        0.0000000000000000        1.0000000000000000        1.0000000000000000     
     17.000000000000000        0.0000000000000000        1.4366598988009129        1.4366598988009129        1.4366598988009129        1.4366598988009129        1.0000000000000000        0.0000000000000000        0.0000000000000000        1.0000000000000000        1.0000000000000000     
     18.000000000000000        0.0000000000000000        1.5202326980111220        1.5202326980111220        1.5202326980111220        1.5202326980111220        1.0000000000000000        0.0000000000000000        0.0000000000000000        1.0000000000000000        1.0000000000000000     
     19.000000000000000        0.0000000000000000        1.6032224484260127        1.6032224484260127        1.6032224484260127        1.6032224484260127        1.0000000000000000        0.0000000000000000        0.0000000000000000        1.0000000000000000        1.0000000000000000     
     20.000000000000000        0.0000000000000000        1.6855417527999328        1.6855417527999328        1.6855417527999328        1.6855417527999328        1.0000000000000000        0.0000000000000000        0.0000000000000000        1.0000000000000000        1.0000000000000000     
     21.000000000000000        0.0000000000000000        1.7671031974325839        1.7671031974325839        1.7671031974325839        1.7671031974325839        1.0000000000000000        0.0000000000000000        0.0000000000000000        1.0000000000000000        1.0000000000000000     
     22.000000000000000        0.0000000000000000        1.8478194169127362        1.8478194169127362        1.8478194169127362        1.8478194169127362        1.0000000000000000        0.0000000000000000        0.0000000000000000        1.0000000000000000        1.0000000000000000     
     23.000000000000000        0.0000000000000000        1.9276031586664517        1.9276031586664517        1.9276031586664517        1.9276031586664517        1.0000000000000000        0.0000000000000000        0.0000000000000000        1.0000000000000000        1.0000000000000000     
     24.000000000000000        0.0000000000000000        2.0063673472774819        2.0063673472774819        2.0063673472774819        2.0063673472774819        1.0000000000000000        0.0000000000000000        0.0000000000000000        1.0000000000000000        1.0000000000000000     
     25.000000000000000        0.0000000000000000        2.0840251485476347        2.0840251485476347        2.0840251485476347        2.0840251485476347        1.0000000000000000        0.0000000000000000        0.0000000000000000        1.0000000000000000        1.0000000000000000     
     26.000000000000000        0.0000000000000000        2.1604900332650545        2.1604900332650545        2.1604900332650545        2.1604900332650545        1.0000000000000000        0.0000000000000000        0.0000000000000000        1.0000000000000000        1.0000000000000000     
     27.000000000000000        0.0000000000000000        2.2356758406485358        2.2356758406485358        2.2356758406485358        2.2356758406485358        1.0000000000000000        0.0000000000000000        0.0000000000000000        1.0000000000000000        1.0000000000000000     
     28.000000000000000        0.0000000000000000        2.3094968414361494        2.3094968414361494        2.3094968414361494        2.3094968414361494        1.0000000000000000        0.0000000000000000        0.0000000000000000        1.0000000000000000        1.0000000000000000     
     29.000000000000000        0.0000000000000000        2.3818678005866634        2.3818678005866634        2.3818678005866634        2.3818678005866634        1.0000000000000000        0.0000000000000000        0.0000000000000000        1.0000000000000000        1.0000000000000000     
     30.000000000000000        0.0000000000000000        2.4527040395624384        2.4527040395624384        2.4527040395624384        2.4527040395624384        1.0000000000000000        0.0000000000000000        0.0000000000000000        1.0000000000000000        1.0000000000000000     
     31.000000000000000        0.0000000000000000        2.5219214981626932        2.5219214981626932        2.5219214981626932        2.5219214981626932        1.0000000000000000        0.0000000000000000        0.0000000000000000        1.0000000000000000        1.0000000000000000     
     32.000000000000000        0.0000000000000000        2.5894367958762663        2.5894367958762663        2.5894367958762663        2.5894367958762663        1.0000000000000000        0.0000000000000000        0.0000000000000000        1.0000000000000000        1.0000000000000000     
     33.000000000000000        0.0000000000000000        2.6551672927232430        2.6551672927232430        2.6551672927232430        2.6551672927232430        1.0000000000000000        0.0000000000000000        0.0000000000000000        1.0000000000000000        1.0000000000000000     
     34.000000000000000        0.0000000000000000        2.7190311495550668        2.7190311495550668        2.7190311495550668        2.7190311495550668        1.0000000000000000        0.0000000000000000        0.0000000000000000        1.0000000000000000        1.0000000000000000     
     35.000000000000000        0.0000000000000000        2.7809473877830277        2.7809473877830277        2.7809473877830277        2.7809473877830277        1.0000000000000000        0.0000000000000000        0.0000000000000000        1.0000000000000000        1.0000000000000000     
     36.000000000000000        0.0000000000000000        2.8408359485052865        2.8408359485052865        2.8408359485052865        2.8408359485052865        1.0000000000000000        0.0000000000000000        0.0000000000000000        1.0000000000000000        1.0000000000000000     
     37.000000000000000        0.0000000000000000        2.8986177510029161        2.8986177510029161        2.8986177510029161        2.8986177510029161        1.0000000000000000        0.0000000000000000        0.0000000000000000        1.0000000000000000        1.0000000000000000     
     38.000000000000000        0.0000000000000000        2.9542147505756962        2.9542147505756962        2.9542147505756962        2.9542147505756962        1.0000000000000000        0.0000000000000000        0.0000000000000000        1.0000000000000000        1.0000000000000000     
     39.000000000000000        0.0000000000000000        3.0075499956887679        3.0075499956887679        3.0075499956887679        3.0075499956887679        1.0000000000000000        0.0000000000000000        0.0000000000000000        1.0000000000000000        1.0000000000000000     
     40.000000000000000        0.0000000000000000        3.0585476844015487        3.0585476844015487        3.0585476844015487        3.0585476844015487        1.0000000000000000        0.0000000000000000        0.0000000000000000        1.0000000000000000        1.0000000000000000     
     41.000000000000000        0.0000000000000000        3.1071332200506516        3.1071332200506516        3.1071332200506516        3.1071332200506516        1.0000000000000000        0.0000000000000000        0.0000000000000000        1.0000000000000000        1.0000000000000000     
     42.000000000000000        0.0000000000000000        3.1532332661589204        3.1532332661589204        3.1532332661589204        3.1532332661589204        1.0000000000000000        0.0000000000000000        0.0000000000000000        1.0000000000000000        1.0000000000000000     
     43.000000000000000        0.0000000000000000        3.1967758005430507        3.1967758005430507        3.1967758005430507        3.1967758005430507        1.0000000000000000        0.0000000000000000        0.0000000000000000        1.0000000000000000        1.0000000000000000     
     44.000000000000000        0.0000000000000000        3.2376901685926169        3.2376901685926169        3.2376901685926169        3.2376901685926169        1.0000000000000000        0.0000000000000000        0.0000000000000000        1.0000000000000000        1.0000000000000000     
     45.000000000000000        0.0000000000000000        3.2759071356937639        3.2759071356937639        3.2759071356937639        3.2759071356937639        1.0000000000000000        0.0000000000000000        0.0000000000000000        1.0000000000000000        1.0000000000000000     
     46.000000000000000        0.0000000000000000        3.3113589387711615        3.3113589387711615        3.3113589387711615        3.3113589387711615        1.0000000000000000        0.0000000000000000        0.0000000000000000        1.0000000000000000        1.0000000000000000     
     47.000000000000000        0.0000000000000000        3.3439793369222768        3.3439793369222768        3.3439793369222768        3.3439793369222768        1.0000000000000000        0.0000000000000000        0.0000000000000000        1.0000000000000000        1.0000000000000000     
     48.000000000000000        0.0000000000000000        3.3737036611184053        3.3737036611184053        3.3737036611184053        3.3737036611184053        1.0000000000000000        0.0000000000000000        0.0000000000000000        1.0000000000000000        1.0000000000000000     
     49.000000000000000        0.0000000000000000        3.4004688629473550        3.4004688629473550        3.4004688629473550        3.4004688629473550        1.0000000000000000        0.0000000000000000        0.0000000000000000        1.0000000000000000        1.0000000000000000     
     50.000000000000000        0.0000000000000000        3.4242135623730952        3.4242135623730952        3.4242135623730952        3.4242135623730952        1.0000000000000000        0.0000000000000000        0.0000000000000000        1.0000000000000000        1.0000000000000000     
     51.000000000000000        0.0000000000000000        3.4448780944881672        3.4448780944881672        3.4448780944881672        3.4448780944881672        1.0000000000000000        0.0000000000000000        0.0000000000000000        1.0000000000000000        1.0000000000000000     
     52.000000000000000        0.0000000000000000        3.4624045552350746        3.4624045552350746        3.4624045552350746        3.4624045552350746        1.0000000000000000        0.0000000000000000        0.0000000000000000        1.0000000000000000        1.0000000000000000     
     53.000000000000000        0.0000000000000000        3.4767368460733734        3.4767368460733734        3.4767368460733734        3.4767368460733734        1.0000000000000000        0.0000000000000000        0.0000000000000000        1.0000000000000000        1.0000000000000000     
     54.000000000000000        0.0000000000000000        3.4878207175696496        3.4878207175696496        3.4878207175696496        3.4878207175696496        1.0000000000000000        0.0000000000000000        0.0000000000000000        1.0000000000000000        1.0000000000000000     
     55.000000000000000        0.0000000000000000        3.4956038118880621        3.4956038118880621        3.4956038118880621        3.4956038118880621        1.0000000000000000        0.0000000000000000        0.0000000000000000        1.0000000000000000        1.0000000000000000     
     56.000000000000000        0.0000000000000000        3.5000357041596368        3.5000357041596368        3.5000357041596368        3.5000357041596368        1.0000000000000000        0.0000000000000000        0.0000000000000000        1.0000000000000000        1.0000000000000000     
     57.000000000000000        0.0000000000000000        3.5010679427089975        3.5010679427089975        3.5010679427089975        3.5010679427089975        1.0000000000000000        0.0000000000000000        0.0000000000000000        1.0000000000000000        1.0000000000000000     
     58.000000000000000        0.0000000000000000        3.4986540881177444        3.4986540881177444        3.4986540881177444        3.4986540881177444        1.0000000000000000        0.0000000000000000        0.0000000000000000        1.0000000000000000        1.0000000000000000     
     59.000000000000000        0.0000000000000000        3.4927497511042169        3.4927497511042169        3.4927497511042169        3.4927497511042169        1.0000000000000000        0.0000000000000000        0.0000000000000000        1.0000000000000000        1.0000000000000000     
     60.000000000000000        0.0000000000000000        3.4833126291998981        3.4833126291998981        3.4833126291998981        3.4833126291998981        1.0000000000000000        0.0000000000000000        0.0000000000000000        1.0000000000000000        1.0000000000000000     
     61.000000000000000        0.0000000000000000        3.4703025422033038        3.4703025422033038        3.4703025422033038        3.4703025422033038        1.0000000000000000        0.0000000000000000        0.0000000000000000        1.0000000000000000        1.0000000000000000     
     62.000000000000000        0.0000000000000000        3.4536814663926938        3.4536814663926938        3.4536814663926938        3.4536814663926938        1.0000000000000000        0.0000000000000000        0.0000000000000000        1.0000000000000000        1.0000000000000000     
     63.000000000000000        0.0000000000000000        3.4334135674795503        3.4334135674795503        3.4334135674795503        3.4334135674795503        1.0000000000000000        0.0000000000000000        0.0000000000000000        1.0000000000000000        1.0000000000000000     
     64.000000000000000        0.0000000000000000        3.4094652322853145        3.4094652322853145        3.4094652322853145        3.4094652322853145        1.0000000000000000        0.0000000000000000        0.0000000000000000        1.0000000000000000        1.0000000000000000     
     65.000000000000000        0.0000000000000000        3.3818050991244477        3.3818050991244477        3.3818050991244477        3.3818050991244477        1.0000000000000000        0.0000000000000000        0.0000000000000000        1.0000000000000000        1.0000000000000000     
     66.000000000000000        0.0000000000000000        3.3504040868774796        3.3504040868774796        3.3504040868774796        3.3504040868774796        1.0000000000000000        0.0000000000000000        0.0000000000000000        1.0000000000000000        1.0000000000000000     
     67.000000000000000        0.0000000000000000        3.3152354227382732        3.3152354227382732        3.3152354227382732        3.3152354227382732        1.0000000000000000        0.0000000000000000        0.0000000000000000        1.0000000000000000        1.0000000000000000     
     68.000000000000000        0.0000000000000000        3.2762746686203581        3.2762746686203581        3.2762746686203581        3.2762746686203581        1.0000000000000000        0.0000000000000000        0.0000000000000000        1.0000000000000000        1.0000000000000000     
     69.000000000000000        0.0000000000000000        3.2334997462077730        3.2334997462077730        3.2334997462077730        3.2334997462077730        1.0000000000000000        0.0000000000000000        0.0000000000000000        1.0000000000000000        1.0000000000000000     
     70.000000000000000        0.0000000000000000        3.1868909606364584        3.1868909606364584        3.1868909606364584        3.1868909606364584        1.0000000000000000        0.0000000000000000        0.0000000000000000        1.0000000000000000        1.0000000000000000     
     71.000000000000000        0.0000000000000000        3.1364310227928858        3.1364310227928858        3.1364310227928858        3.1364310227928858        1.0000000000000000        0.0000000000000000        0.0000000000000000        1.0000000000000000        1.0000000000000000     
     72.000000000000000        0.0000000000000000        3.0821050702171964        3.0821050702171964        3.0821050702171964        3.0821050702171964        1.0000000000000000        0.0000000000000000        0.0000000000000000        1.0000000000000000        1.0000000000000000     
     73.000000000000000        0.0000000000000000        3.0239006865987692        3.0239006865987692        3.0239006865987692        3.0239006865987692        1.0000000000000000        0.0000000000000000        0.0000000000000000        1.0000000000000000        1.0000000000000000     
     74.000000000000000        0.0000000000000000        2.9618079198527840        2.9618079198527840        2.9618079198527840        2.9618079198527840        1.0000000000000000        0.0000000000000000        0.0000000000000000        1.0000000000000000        1.0000000000000000     
     75.000000000000000        0.0000000000000000        2.8958192987669302        2.8958192987669302        2.8958192987669302        2.8958192987669302        1.0000000000000000        0.0000000000000000        0.0000000000000000        1.0000000000000000        1.0000000000000000     
     76.000000000000000        0.0000000000000000        2.8259298482081365        2.8259298482081365        2.8259298482081365        2.8259298482081365        1.0000000000000000        0.0000000000000000        0.0000000000000000        1.0000000000000000        1.0000000000000000     
     77.000000000000000        0.0000000000000000        2.7521371028797565        2.7521371028797565        2.7521371028797565        2.7521371028797565        1.0000000000000000        0.0000000000000000        0.0000000000000000        1.0000000000000000        1.0000000000000000     
     78.000000000000000        0.0000000000000000        2.6744411196203606        2.6744411196203606        2.6744411196203606        2.6744411196203606        1.0000000000000000        0.0000000000000000        0.0000000000000000        1.0000000000000000        1.0000000000000000     
     79.000000000000000        0.0000000000000000        2.5928444882359192        2.5928444882359192        2.5928444882359192        2.5928444882359192        1.0000000000000000        0.0000000000000000        0.0000000000000000        1.0000000000000000        1.0000000000000000     
     80.000000000000000        0.0000000000000000        2.5073523408577971        2.5073523408577971        2.5073523408577971        2.5073523408577971        1.0000000000000000        0.0000000000000000        0.0000000000000000        1.0000000000000000        1.0000000000000000     
     81.000000000000000        0.0000000000000000        2.4179723598197049        2.4179723598197049        2.4179723598197049        2.4179723598197049        1.0000000000000000        0.0000000000000000        0.0000000000000000        1.0000000000000000        1.0000000000000000     
     82.000000000000000        0.0000000000000000        2.3247147840473357        2.3247147840473357        2.3247147840473357        2.3247147840473357        1.0000000000000000        0.0000000000000000        0.0000000000000000        1.0000000000000000        1.0000000000000000     
     83.000000000000000        0.0000000000000000        2.2275924139551626        2.2275924139551626        2.2275924139551626        2.2275924139551626        1.0000000000000000        0.0000000000000000        0.0000000000000000        1.0000000000000000        1.0000000000000000     
     84.000000000000000        0.0000000000000000        2.1266206148455038        2.1266206148455038        2.1266206148455038        2.1266206148455038        1.0000000000000000        0.0000000000000000        0.0000000000000000        1.0000000000000000        1.0000000000000000     
     85.000000000000000        0.0000000000000000        2.0218173188056294        2.0218173188056294        2.0218173188056294        2.0218173188056294        1.0000000000000000        0.0000000000000000        0.0000000000000000        1.0000000000000000        1.0000000000000000     
     86.000000000000000        0.0000000000000000        1.9132030250994008        1.9132030250994008        1.9132030250994008        1.9132030250994008        1.0000000000000000        0.0000000000000000        0.0000000000000000        1.0000000000000000        1.0000000000000000     
     87.000000000000000        0.0000000000000000        1.8008007990505734        1.8008007990505734        1.8008007990505734        1.8008007990505734        1.0000000000000000        0.0000000000000000        0.0000000000000000        1.0000000000000000        1.0000000000000000     
     88.000000000000000        0.0000000000000000        1.6846362694155950        1.6846362694155950        1.6846362694155950        1.6846362694155950        1.0000000000000000        0.0000000000000000        0.0000000000000000        1.0000000000000000        1.0000000000000000     
     89.000000000000000        0.0000000000000000        1.5647376242444189        1.5647376242444189        1.5647376242444189        1.5647376242444189        1.0000000000000000        0.0000000000000000        0.0000000000000000        1.0000000000000000        1.0000000000000000     
     90.000000000000000        0.0000000000000000        1.4411356052284987        1.4411356052284987        1.4411356052284987        1.4411356052284987        1.0000000000000000        0.0000000000000000        0.0000000000000000        1.0000000000000000        1.0000000000000000     
     91.000000000000000        0.0000000000000000        1.3138635005358881        1.3138635005358881        1.3138635005358881        1.3138635005358881        1.0000000000000000        0.0000000000000000        0.0000000000000000        1.0000000000000000        1.0000000000000000     
     92.000000000000000        0.0000000000000000        1.1829571361339646        1.1829571361339646        1.1829571361339646        1.1829571361339646        1.0000000000000000        0.0000000000000000        0.0000000000000000        1.0000000000000000        1.0000000000000000     
     93.000000000000000        0.0000000000000000        1.0484548656010584        1.0484548656010584        1.0484548656010584        1.0484548656010584        1.0000000000000000        0.0000000000000000        0.0000000000000000        1.0000000000000000        1.0000000000000000     
     94.000000000000000        0.0000000000000000       0.91039755842890979       0.91039755842890979       0.91039755842890979       0.91039755842890979        1.0000000000000000        0.0000000000000000        0.0000000000000000        1.0000000000000000        1.0000000000000000     
     95.000000000000000        0.0000000000000000       0.76882858681858846       0.76882858681858846       0.76882858681858846       0.76882858681858846        1.0000000000000000        0.0000000000000000        0.0000000000000000        1.0000000000000000        1.0000000000000000     
     96.000000000000000        0.0000000000000000       0.62379381097316311       0.62379381097316311       0.62379381097316311       0.62379381097316311        1.0000000000000000        0.0000000000000000        0.0000000000000000        1.0000000000000000        1.0000000000000000     
     97.000000000000000        0.0000000000000000       0.47534156289114510       0.47534156289114510       0.47534156289114510       0.47534156289114510        1.0000000000000000        0.0000000000000000        0.0000000000000000        1.0000000000000000        1.0000000000000000     
     98.000000000000000        0.0000000000000000       0.32352262866534592       0.32352262866534592       0.32352262866534592       0.32352262866534592        1.0000000000000000        0.0000000000000000        0.0000000000000000        1.0000000000000000        1.0000000000000000     
     99.000000000000000        0.0000000000000000       0.16839022929254605       0.16839022929254605       0.16839022929254605       0.16839022929254605        1.0000000000000000        0.0000000000000000        0.0000000000000000        1.0000000000000000        1.0000000000000000     
     100.00000000000000        0.0000000000000000        1.0000000000000000E-002   1.0000000000000000E-002   1.0000000000000000E-002   1.0000000000000000E-002   1.0000000000000000        0.0000000000000000        0.0000000000000000        1.0000000000000000        1.0000000000000000     
  
 t=   0.0000000000000000      nx=         101 ny=           1 dt=   0.00000000    
  
 x= y= u= v= rho= P= 
     0.0000000000000000        0.0000000000000000        9.1060288969743632E-003   1.0052192258702781E-002   1.0014514348658863E-002   1.0007598238147897E-002   1.0000000000000000        0.0000000000000000        0.0000000000000000        1.0000000000000000        1.0000000000000000     
     1.0000000000000000        0.0000000000000000        9.0301214701659846E-002   9.0447471294447856E-002   9.0449433511712585E-002   9.0443169942092200E-002   1.0000000000000000        0.0000000000000000        0.0000000000000000        1.0000000000000000        1.0000000000000000     
     2.0000000000000000        0.0000000000000000       0.17164013166049458       0.17172592958345728       0.17172861628074265       0.17172177563919622        1.0000000000000000        0.0000000000000000        0.0000000000000000        1.0000000000000000        1.0000000000000000     
     3.0000000000000000        0.0000000000000000       0.25370669536598717       0.25376737193232490       0.25376850448012439       0.25376115329835569        1.0000000000000000        0.0000000000000000        0.0000000000000000        1.0000000000000000        1.0000000000000000     
     4.0000000000000000        0.0000000000000000       0.33644327080492886       0.33648971555463997       0.33648989496523279       0.33648223843138514        1.0000000000000000        0.0000000000000000        0.0000000000000000        1.0000000000000000        1.0000000000000000     
     5.0000000000000000        0.0000000000000000       0.41977715004877547       0.41981489762626945       0.41981397495808176       0.41980565376192475        1.0000000000000000        0.0000000000000000        0.0000000000000000        1.0000000000000000        1.0000000000000000     
     6.0000000000000000        0.0000000000000000       0.50363064938951485       0.50366252464571848       0.50366040539274948       0.50365106214485822        1.0000000000000000        0.0000000000000000        0.0000000000000000        1.0000000000000000        1.0000000000000000     
     7.0000000000000000        0.0000000000000000       0.58792367229026155       0.58795131100187414       0.58794793234587361       0.58793720595844989        1.0000000000000000        0.0000000000000000        0.0000000000000000        1.0000000000000000        1.0000000000000000     
     8.0000000000000000        0.0000000000000000       0.67257468873247850       0.67259912221782525       0.67259444132206270       0.67258196761347877        1.0000000000000000        0.0000000000000000        0.0000000000000000        1.0000000000000000        1.0000000000000000     
     9.0000000000000000        0.0000000000000000       0.75750111132405096       0.75752303100410612       0.75751701900546753       0.75750243310362575        1.0000000000000000        0.0000000000000000        0.0000000000000000        1.0000000000000000        1.0000000000000000     
     10.000000000000000        0.0000000000000000       0.84261948667560704       0.84263937814315393       0.84263201689605793       0.84261495631849426        1.0000000000000000        0.0000000000000000        0.0000000000000000        1.0000000000000000        1.0000000000000000     
     11.000000000000000        0.0000000000000000       0.92784561853427727       0.92786383544284246       0.92785511565415646       0.92783522369263971        1.0000000000000000        0.0000000000000000        0.0000000000000000        1.0000000000000000        1.0000000000000000     
     12.000000000000000        0.0000000000000000        1.0130946621811769        1.0131114697040189        1.0131013898057146        1.0130783190626600        1.0000000000000000        0.0000000000000000        0.0000000000000000        1.0000000000000000        1.0000000000000000     
     13.000000000000000        0.0000000000000000        1.0982812054910476        1.0982968072464003        1.0982853726806818        1.0982587886742954        1.0000000000000000        0.0000000000000000        0.0000000000000000        1.0000000000000000        1.0000000000000000     
     14.000000000000000        0.0000000000000000        1.1833193646802771        1.1833338987698054        1.1833210999512229        1.1832906762883020        1.0000000000000000        0.0000000000000000        0.0000000000000000        1.0000000000000000        1.0000000000000000     
     15.000000000000000        0.0000000000000000        1.2681230085593787        1.2681363829820469        1.2681219999504521        1.2680873456276027        1.0000000000000000        0.0000000000000000        0.0000000000000000        1.0000000000000000        1.0000000000000000     
     16.000000000000000        0.0000000000000000        1.3526050484626166        1.3526175400196574        1.3526017786775251        1.3525626965206097        1.0000000000000000        0.0000000000000000        0.0000000000000000        1.0000000000000000        1.0000000000000000     
     17.000000000000000        0.0000000000000000        1.4366786936561315        1.4366903973692478        1.4366732952211545        1.4366295438829588        1.0000000000000000        0.0000000000000000        0.0000000000000000        1.0000000000000000        1.0000000000000000     
     18.000000000000000        0.0000000000000000        1.5202567608196222        1.5202677559148312        1.5202493561250809        1.5202007246426905        1.0000000000000000        0.0000000000000000        0.0000000000000000        1.0000000000000000        1.0000000000000000     
     19.000000000000000        0.0000000000000000        1.6032519137248449        1.6032622669274463        1.6032426182482793        1.6031889290958385        1.0000000000000000        0.0000000000000000        0.0000000000000000        1.0000000000000000        1.0000000000000000     
     20.000000000000000        0.0000000000000000        1.6855767293051511        1.6855864973157886        1.6855656539884656        1.6855067659360441        1.0000000000000000        0.0000000000000000        0.0000000000000000        1.0000000000000000        1.0000000000000000     
     21.000000000000000        0.0000000000000000        1.7671437633906937        1.7671529947750673        1.7671310164054579        1.7670668271562646        1.0000000000000000        0.0000000000000000        0.0000000000000000        1.0000000000000000        1.0000000000000000     
     22.000000000000000        0.0000000000000000        1.8478656161494451        1.8478743528006512        1.8478513042105358        1.8477817527898392        1.0000000000000000        0.0000000000000000        0.0000000000000000        1.0000000000000000        1.0000000000000000     
     23.000000000000000        0.0000000000000000        1.9276549972483783        1.9276632755327292        1.9276392265878040        1.9275642954581780        1.0000000000000000        0.0000000000000000        0.0000000000000000        1.0000000000000000        1.0000000000000000     
     24.000000000000000        0.0000000000000000        2.0064247907330066        2.0064326423980168        2.0064076678134457        2.0063273846924883        1.0000000000000000        0.0000000000000000        0.0000000000000000        1.0000000000000000        1.0000000000000000     
     25.000000000000000        0.0000000000000000        2.0840881196130709        2.0840955725143706        2.0840697516386584        2.0839841909969818        1.0000000000000000        0.0000000000000000        0.0000000000000000        1.0000000000000000        1.0000000000000000     
     26.000000000000000        0.0000000000000000        2.1605584101353337        2.1605654888240546        2.1605389054019821        2.1604481896212206        1.0000000000000000        0.0000000000000000        0.0000000000000000        1.0000000000000000        1.0000000000000000     
     27.000000000000000        0.0000000000000000        2.2357494557198869        2.2357561819213534        2.2357289238367164        2.2356332240093071        1.0000000000000000        0.0000000000000000        0.0000000000000000        1.0000000000000000        1.0000000000000000     
     28.000000000000000        0.0000000000000000        2.3095754805333022        2.3095818735401688        2.3095540325390576        2.3094535688938258        1.0000000000000000        0.0000000000000000        0.0000000000000000        1.0000000000000000        1.0000000000000000     
     29.000000000000000        0.0000000000000000        2.3819512026698155        2.3819572796672364        2.3819289510626627        2.3818239930026910        1.0000000000000000        0.0000000000000000        0.0000000000000000        1.0000000000000000        1.0000000000000000     
     30.000000000000000        0.0000000000000000        2.4527918969103473        2.4527976732466694        2.4527689556053152        2.4526598213470336        1.0000000000000000        0.0000000000000000        0.0000000000000000        1.0000000000000000        1.0000000000000000     
     31.000000000000000        0.0000000000000000        2.5220134570281307        2.5220189464415661        2.5219899412535245        2.5218769970587651        1.0000000000000000        0.0000000000000000        0.0000000000000000        1.0000000000000000        1.0000000000000000     
     32.000000000000000        0.0000000000000000        2.5895324576090797        2.5895376724185262        2.5895084837509303        2.5893921427465050        1.0000000000000000        0.0000000000000000        0.0000000000000000        1.0000000000000000        1.0000000000000000     
     33.000000000000000        0.0000000000000000        2.6552662153546707        2.6552711666211222        2.6552419007565597        2.6551226213387489        1.0000000000000000        0.0000000000000000        0.0000000000000000        1.0000000000000000        1.0000000000000000     
     34.000000000000000        0.0000000000000000        2.7191328498347773        2.7191375474984407        2.7191083125591704        2.7189865963837452        1.0000000000000000        0.0000000000000000        0.0000000000000000        1.0000000000000000        1.0000000000000000     
     35.000000000000000        0.0000000000000000        2.7810513436579343        2.7810557966551332        2.7810267022140942        2.7809030917754272        1.0000000000000000        0.0000000000000000        0.0000000000000000        1.0000000000000000        1.0000000000000000     
     36.000000000000000        0.0000000000000000        2.8409416020264180        2.8409458183895855        2.8409169750692560        2.8407920508753666        1.0000000000000000        0.0000000000000000        0.0000000000000000        1.0000000000000000        1.0000000000000000     
     37.000000000000000        0.0000000000000000        2.8987245116437386        2.8987284985871491        2.8987000176473705        2.8985743950009333        1.0000000000000000        0.0000000000000000        0.0000000000000000        1.0000000000000000        1.0000000000000000     
     38.000000000000000        0.0000000000000000        2.9543219989422513        2.9543257629356687        2.9542977558515493        2.9541720812501442        1.0000000000000000        0.0000000000000000        0.0000000000000000        1.0000000000000000        1.0000000000000000     
     39.000000000000000        0.0000000000000000        3.0076570875989193        3.0076606344309238        3.0076332124620149        3.0075081596341957        1.0000000000000000        0.0000000000000000        0.0000000000000000        1.0000000000000000        1.0000000000000000     
     40.000000000000000        0.0000000000000000        3.0586539553075540        3.0586572901400060        3.0586305638919269        3.0585068294888673        1.0000000000000000        0.0000000000000000        0.0000000000000000        1.0000000000000000        1.0000000000000000     
     41.000000000000000        0.0000000000000000        3.1072379897762161        3.1072411171910428        3.1072151961708245        3.1070934951365805        1.0000000000000000        0.0000000000000000        0.0000000000000000        1.0000000000000000        1.0000000000000000     
     42.000000000000000        0.0000000000000000        3.1533358439189181        3.1533387679582203        3.1533137601245955        3.1531948207710707        1.0000000000000000        0.0000000000000000        0.0000000000000000        1.0000000000000000        1.0000000000000000     
     43.000000000000000        0.0000000000000000        3.1968754902112311        3.1968782144115084        3.1968542257214594        3.1967387845373758        1.0000000000000000        0.0000000000000000        0.0000000000000000        1.0000000000000000        1.0000000000000000     
     44.000000000000000        0.0000000000000000        3.2377862741798711        3.2377888016010448        3.2377659355539117        3.2376547317799753        1.0000000000000000        0.0000000000000000        0.0000000000000000        1.0000000000000000        1.0000000000000000     
     45.000000000000000        0.0000000000000000        3.2759989669969727        3.2760013002467461        3.2759796574272184        3.2758734274325096        1.0000000000000000        0.0000000000000000        0.0000000000000000        1.0000000000000000        1.0000000000000000     
     46.000000000000000        0.0000000000000000        3.3114458171502630        3.3114479584042789        3.3114276360256190        3.3113271075230308        1.0000000000000000        0.0000000000000000        0.0000000000000000        1.0000000000000000        1.0000000000000000     
     47.000000000000000        0.0000000000000000        3.3440606011610532        3.3440625521791927        3.3440436436280438        3.3439495297691324        1.0000000000000000        0.0000000000000000        0.0000000000000000        1.0000000000000000        1.0000000000000000     
     48.000000000000000        0.0000000000000000        3.3737786733225619        3.3737804354616849        3.3737630298458292        3.3736760232377203        1.0000000000000000        0.0000000000000000        0.0000000000000000        1.0000000000000000        1.0000000000000000     
     49.000000000000000        0.0000000000000000        3.4005370144318361        3.4005385886551758        3.4005227703556042        3.4004435370448403        1.0000000000000000        0.0000000000000000        0.0000000000000000        1.0000000000000000        1.0000000000000000     
     50.000000000000000        0.0000000000000000        3.4242742794892020        3.4242756663725689        3.4242615146012452        3.4241906880714894        1.0000000000000000        0.0000000000000000        0.0000000000000000        1.0000000000000000        1.0000000000000000     
     51.000000000000000        0.0000000000000000        3.4449308443400004        3.4449320440749025        3.4449196324395719        3.4448578076715100        1.0000000000000000        0.0000000000000000        0.0000000000000000        1.0000000000000000        1.0000000000000000     
     52.000000000000000        0.0000000000000000        3.4624488512340621        3.4624498636277923        3.4624392597052061        3.4623869873487383        1.0000000000000000        0.0000000000000000        0.0000000000000000        1.0000000000000000        1.0000000000000000     
     53.000000000000000        0.0000000000000000        3.4767722532792349        3.4767730777519215        3.4767643426708355        3.4767221233805277        1.0000000000000000        0.0000000000000000        0.0000000000000000        1.0000000000000000        1.0000000000000000     
     54.000000000000000        0.0000000000000000        3.4878468577660917        3.4878474933446642        3.4878406813799341        3.4878089603657072        1.0000000000000000        0.0000000000000000        0.0000000000000000        1.0000000000000000        1.0000000000000000     
     55.000000000000000        0.0000000000000000        3.4956203683417564        3.4956208136507181        3.4956159718298263        3.4955951336753657        1.0000000000000000        0.0000000000000000        0.0000000000000000        1.0000000000000000        1.0000000000000000     
     56.000000000000000        0.0000000000000000        3.5000424260116931        3.5000426792605448        3.5000398469838587        3.5000302107854249        1.0000000000000000        0.0000000000000000        0.0000000000000000        1.0000000000000000        1.0000000000000000     
     57.000000000000000        0.0000000000000000        3.5010646489491548        3.5010647079162469        3.5010639165922735        3.5010657314702867        1.0000000000000000        0.0000000000000000        0.0000000000000000        1.0000000000000000        1.0000000000000000     
     58.000000000000000        0.0000000000000000        3.4986406710928621        3.4986405331053847        3.4986418058022934        3.4986552468380250        1.0000000000000000        0.0000000000000000        0.0000000000000000        1.0000000000000000        1.0000000000000000     
     59.000000000000000        0.0000000000000000        3.4927261795144298        3.4927258414241873        3.4927291925387958        3.4927543571870099        1.0000000000000000        0.0000000000000000        0.0000000000000000        1.0000000000000000        1.0000000000000000     
     60.000000000000000        0.0000000000000000        3.4832789505379069        3.4832784086924149        3.4832838436378384        3.4833207486656161        1.0000000000000000        0.0000000000000000        0.0000000000000000        1.0000000000000000        1.0000000000000000     
     61.000000000000000        0.0000000000000000        3.4702588845947826        3.4702581348031432        3.4702656497162381        3.4703142287161310        1.0000000000000000        0.0000000000000000        0.0000000000000000        1.0000000000000000        1.0000000000000000     
     62.000000000000000        0.0000000000000000        3.4536280397986636        3.4536270772915421        3.4536366587612481        3.4536967602852640        1.0000000000000000        0.0000000000000000        0.0000000000000000        1.0000000000000000        1.0000000000000000     
     63.000000000000000        0.0000000000000000        3.4333506642247946        3.4333494836076790        3.4333611084253248        3.4334324947836854        1.0000000000000000        0.0000000000000000        0.0000000000000000        1.0000000000000000        1.0000000000000000     
     64.000000000000000        0.0000000000000000        3.4093932268805345        3.4093918220792916        3.4094054570118497        3.4094878037777727        1.0000000000000000        0.0000000000000000        0.0000000000000000        1.0000000000000000        1.0000000000000000     
     65.000000000000000        0.0000000000000000        3.3817244473537773        3.3817228115512945        3.3817384131385517        3.3818313093971857        1.0000000000000000        0.0000000000000000        0.0000000000000000        1.0000000000000000        1.0000000000000000     
     66.000000000000000        0.0000000000000000        3.3503153241273043        3.3503134496897626        3.3503309640662851        3.3504339134424819        1.0000000000000000        0.0000000000000000        0.0000000000000000        1.0000000000000000        1.0000000000000000     
     67.000000000000000        0.0000000000000000        3.3151391615479437        3.3151370399389295        3.3151564026816551        3.3152688251772839        1.0000000000000000        0.0000000000000000        0.0000000000000000        1.0000000000000000        1.0000000000000000     
     68.000000000000000        0.0000000000000000        3.2761715954403678        3.2761692171206431        3.2761903531228738        3.2763115877903104        1.0000000000000000        0.0000000000000000        0.0000000000000000        1.0000000000000000        1.0000000000000000     
     69.000000000000000        0.0000000000000000        3.2333906173563345        3.2333879716665823        3.2334107950390405        3.2335401035128286        1.0000000000000000        0.0000000000000000        0.0000000000000000        1.0000000000000000        1.0000000000000000     
     70.000000000000000        0.0000000000000000        3.1867765974510824        3.1867736724743039        3.1867980864738876        3.1869346573777357        1.0000000000000000        0.0000000000000000        0.0000000000000000        1.0000000000000000        1.0000000000000000     
     71.000000000000000        0.0000000000000000        3.1363123059796543        3.1363090883790870        3.1363349853658362        3.1364779396069045        1.0000000000000000        0.0000000000000000        0.0000000000000000        1.0000000000000000        1.0000000000000000     
     72.000000000000000        0.0000000000000000        3.0819829334068638        3.0819794082342664        3.0820066696569706        3.0821550666139892        1.0000000000000000        0.0000000000000000        0.0000000000000000        1.0000000000000000        1.0000000000000000     
     73.000000000000000        0.0000000000000000        3.0237761091257513        3.0237722595935383        3.0238007560043343        3.0239536006103855        1.0000000000000000        0.0000000000000000        0.0000000000000000        1.0000000000000000        1.0000000000000000     
     74.000000000000000        0.0000000000000000        2.9616819187805499        2.9616777259895182        2.9617073170876660        2.9618635678025074        1.0000000000000000        0.0000000000000000        0.0000000000000000        1.0000000000000000        1.0000000000000000     
     75.000000000000000        0.0000000000000000        2.8956929201913817        2.8956883628034591        2.8957188975084027        2.8958774751689824        1.0000000000000000        0.0000000000000000        0.0000000000000000        1.0000000000000000        1.0000000000000000     
     76.000000000000000        0.0000000000000000        2.8258041578794977        2.8257992117218511        2.8258305282754916        2.8259903258071883        1.0000000000000000        0.0000000000000000        0.0000000000000000        1.0000000000000000        1.0000000000000000     
     77.000000000000000        0.0000000000000000        2.7520131761935276        2.7520078137762289        2.7520397398741530        2.7521996328385878        1.0000000000000000        0.0000000000000000        0.0000000000000000        1.0000000000000000        1.0000000000000000     
     78.000000000000000        0.0000000000000000        2.6743200310394233        2.6743142209632151        2.6743465739144310        2.6745054318633246        1.0000000000000000        0.0000000000000000        0.0000000000000000        1.0000000000000000        1.0000000000000000     
     79.000000000000000        0.0000000000000000        2.5927273002195799        2.5927210064424764        2.5927535933569072        2.5929102919547913        1.0000000000000000        0.0000000000000000        0.0000000000000000        1.0000000000000000        1.0000000000000000     
     80.000000000000000        0.0000000000000000        2.5072400923903357        2.5072332733108880        2.5072658913135397        2.5074193251853925        1.0000000000000000        0.0000000000000000        0.0000000000000000        1.0000000000000000        1.0000000000000000     
     81.000000000000000        0.0000000000000000        2.4178660546523476        2.4178586619519127        2.4178910984221473        2.4180401946755805        1.0000000000000000        0.0000000000000000        0.0000000000000000        1.0000000000000000        1.0000000000000000     
     82.000000000000000        0.0000000000000000        2.3246153787957828        2.3246073559597793        2.3246393887934955        2.3247831211584127        1.0000000000000000        0.0000000000000000        0.0000000000000000        1.0000000000000000        1.0000000000000000     
     83.000000000000000        0.0000000000000000        2.2275008062335648        2.2274920866388781        2.2275234845304936        2.2276608880527422        1.0000000000000000        0.0000000000000000        0.0000000000000000        1.0000000000000000        1.0000000000000000     
     84.000000000000000        0.0000000000000000        2.1265376316730724        2.1265281360795814        2.1265586588193957        2.1266888450386263        1.0000000000000000        0.0000000000000000        0.0000000000000000        1.0000000000000000        1.0000000000000000     
     85.000000000000000        0.0000000000000000        2.0217437056038574        2.0217333388127634        2.0217627375932978        2.0218849101291263        1.0000000000000000        0.0000000000000000        0.0000000000000000        1.0000000000000000        1.0000000000000000     
     86.000000000000000        0.0000000000000000        1.9131394357232985        1.9131280820467962        1.9131560997686610        1.9132695702333207        1.0000000000000000        0.0000000000000000        0.0000000000000000        1.0000000000000000        1.0000000000000000     
     87.000000000000000        0.0000000000000000        1.8007477874965512        1.8007353044928871        1.8007616760558669        1.8008658802060316        1.0000000000000000        0.0000000000000000        0.0000000000000000        1.0000000000000000        1.0000000000000000     
     88.000000000000000        0.0000000000000000        1.6845942841770416        1.6845804937881921        1.6846049463451713        1.6846994603802550        1.0000000000000000        0.0000000000000000        0.0000000000000000        1.0000000000000000        1.0000000000000000     
     89.000000000000000        0.0000000000000000        1.5647070068488951        1.5646916825321500        1.5647139356697140        1.5647984925791720        1.0000000000000000        0.0000000000000000        0.0000000000000000        1.0000000000000000        1.0000000000000000     
     90.000000000000000        0.0000000000000000        1.4411165954978882        1.4410994429626440        1.4411192087474574        1.4411937146050817        1.0000000000000000        0.0000000000000000        0.0000000000000000        1.0000000000000000        1.0000000000000000     
     91.000000000000000        0.0000000000000000        1.3138562530046451        1.3138368803206626        1.3138538631042456        1.3139184132034729        1.0000000000000000        0.0000000000000000        0.0000000000000000        1.0000000000000000        1.0000000000000000     
     92.000000000000000        0.0000000000000000        1.1829617250913040        1.1829396249973043        1.1829535512701617        1.1830084584154024        1.0000000000000000        0.0000000000000000        0.0000000000000000        1.0000000000000000        1.0000000000000000     
     93.000000000000000        0.0000000000000000        1.0484712661905360        1.0484458197523079        1.0484565034133944        1.0485023399129190        1.0000000000000000        0.0000000000000000        0.0000000000000000        1.0000000000000000        1.0000000000000000     
     94.000000000000000        0.0000000000000000       0.91042678748275419       0.91039609723216675       0.91040261872553951       0.91043990055018498        1.0000000000000000        0.0000000000000000        0.0000000000000000        1.0000000000000000        1.0000000000000000     
     95.000000000000000        0.0000000000000000       0.76887178404274792       0.76883370683793562       0.76883556690387111       0.76886525279068307        1.0000000000000000        0.0000000000000000        0.0000000000000000        1.0000000000000000        1.0000000000000000     
     96.000000000000000        0.0000000000000000       0.62385354764832379       0.62380437024824820       0.62380094629336857       0.62382426330390739        1.0000000000000000        0.0000000000000000        0.0000000000000000        1.0000000000000000        1.0000000000000000     
     97.000000000000000        0.0000000000000000       0.47542398231017080       0.47535641894826952       0.47534680543570773       0.47536528501057296        1.0000000000000000        0.0000000000000000        0.0000000000000000        1.0000000000000000        1.0000000000000000     
     98.000000000000000        0.0000000000000000       0.32364445653857649       0.32354114334925616       0.32352360219781257       0.32353920661332419        1.0000000000000000        0.0000000000000000        0.0000000000000000        1.0000000000000000        1.0000000000000000     
     99.000000000000000        0.0000000000000000       0.16860353170848072       0.16841522930213432       0.16838601222097438       0.16840213973426507        1.0000000000000000        0.0000000000000000        0.0000000000000000        1.0000000000000000        1.0000000000000000     
     100.00000000000000        0.0000000000000000        1.2525649885925529E-002   1.0249741895657872E-002   9.9997678795254018E-003   1.0019184524743466E-002   1.0000000000000000        0.0000000000000000        0.0000000000000000        1.0000000000000000        1.0000000000000000     
  
 t=   0.0000000000000000      nx=         101 ny=           1 dt=   0.00000000    
  
 x= y= u= v= rho= P= 
     0.0000000000000000        0.0000000000000000        9.1060288969743632E-003   1.0052192258702781E-002   1.0014514348658863E-002   1.0007598238147897E-002   1.0000000000000000        0.0000000000000000        0.0000000000000000        1.0000000000000000        1.0000000000000000     
     1.0000000000000000        0.0000000000000000        9.0301214701659846E-002   9.0447471294447856E-002   9.0449433511712585E-002   9.0443169942092200E-002   1.0000000000000000        0.0000000000000000        0.0000000000000000        1.0000000000000000        1.0000000000000000     
     2.0000000000000000        0.0000000000000000       0.17164013166049458       0.17172592958345728       0.17172861628074265       0.17172177563919622        1.0000000000000000        0.0000000000000000        0.0000000000000000        1.0000000000000000        1.0000000000000000     
     3.0000000000000000        0.0000000000000000       0.25370669536598717       0.25376737193232490       0.25376850448012439       0.25376115329835569        1.0000000000000000        0.0000000000000000        0.0000000000000000        1.0000000000000000        1.0000000000000000     
     4.0000000000000000        0.0000000000000000       0.33644327080492886       0.33648971555463997       0.33648989496523279       0.33648223843138514        1.0000000000000000        0.0000000000000000        0.0000000000000000        1.0000000000000000        1.0000000000000000     
     5.0000000000000000        0.0000000000000000       0.41977715004877547       0.41981489762626945       0.41981397495808176       0.41980565376192475        1.0000000000000000        0.0000000000000000        0.0000000000000000        1.0000000000000000        1.0000000000000000     
     6.0000000000000000        0.0000000000000000       0.50363064938951485       0.50366252464571848       0.50366040539274948       0.50365106214485822        1.0000000000000000        0.0000000000000000        0.0000000000000000        1.0000000000000000        1.0000000000000000     
     7.0000000000000000        0.0000000000000000       0.58792367229026155       0.58795131100187414       0.58794793234587361       0.58793720595844989        1.0000000000000000        0.0000000000000000        0.0000000000000000        1.0000000000000000        1.0000000000000000     
     8.0000000000000000        0.0000000000000000       0.67257468873247850       0.67259912221782525       0.67259444132206270       0.67258196761347877        1.0000000000000000        0.0000000000000000        0.0000000000000000        1.0000000000000000        1.0000000000000000     
     9.0000000000000000        0.0000000000000000       0.75750111132405096       0.75752303100410612       0.75751701900546753       0.75750243310362575        1.0000000000000000        0.0000000000000000        0.0000000000000000        1.0000000000000000        1.0000000000000000     
     10.000000000000000        0.0000000000000000       0.84261948667560704       0.84263937814315393       0.84263201689605793       0.84261495631849426        1.0000000000000000        0.0000000000000000        0.0000000000000000        1.0000000000000000        1.0000000000000000     
     11.000000000000000        0.0000000000000000       0.92784561853427727       0.92786383544284246       0.92785511565415646       0.92783522369263971        1.0000000000000000        0.0000000000000000        0.0000000000000000        1.0000000000000000        1.0000000000000000     
     12.000000000000000        0.0000000000000000        1.0130946621811769        1.0131114697040189        1.0131013898057146        1.0130783190626600        1.0000000000000000        0.0000000000000000        0.0000000000000000        1.0000000000000000        1.0000000000000000     
     13.000000000000000        0.0000000000000000        1.0982812054910476        1.0982968072464003        1.0982853726806818        1.0982587886742954        1.0000000000000000        0.0000000000000000        0.0000000000000000        1.0000000000000000        1.0000000000000000     
     14.000000000000000        0.0000000000000000        1.1833193646802771        1.1833338987698054        1.1833210999512229        1.1832906762883020        1.0000000000000000        0.0000000000000000        0.0000000000000000        1.0000000000000000        1.0000000000000000     
     15.000000000000000        0.0000000000000000        1.2681230085593787        1.2681363829820469        1.2681219999504521        1.2680873456276027        1.0000000000000000        0.0000000000000000        0.0000000000000000        1.0000000000000000        1.0000000000000000     
     16.000000000000000        0.0000000000000000        1.3526050484626166        1.3526175400196574        1.3526017786775251        1.3525626965206097        1.0000000000000000        0.0000000000000000        0.0000000000000000        1.0000000000000000        1.0000000000000000     
     17.000000000000000        0.0000000000000000        1.4366786936561315        1.4366903973692478        1.4366732952211545        1.4366295438829588        1.0000000000000000        0.0000000000000000        0.0000000000000000        1.0000000000000000        1.0000000000000000     
     18.000000000000000        0.0000000000000000        1.5202567608196222        1.5202677559148312        1.5202493561250809        1.5202007246426905        1.0000000000000000        0.0000000000000000        0.0000000000000000        1.0000000000000000        1.0000000000000000     
     19.000000000000000        0.0000000000000000        1.6032519137248449        1.6032622669274463        1.6032426182482793        1.6031889290958385        1.0000000000000000        0.0000000000000000        0.0000000000000000        1.0000000000000000        1.0000000000000000     
     20.000000000000000        0.0000000000000000        1.6855767293051511        1.6855864973157886        1.6855656539884656        1.6855067659360441        1.0000000000000000        0.0000000000000000        0.0000000000000000        1.0000000000000000        1.0000000000000000     
     21.000000000000000        0.0000000000000000        1.7671437633906937        1.7671529947750673        1.7671310164054579        1.7670668271562646        1.0000000000000000        0.0000000000000000        0.0000000000000000        1.0000000000000000        1.0000000000000000     
     22.000000000000000        0.0000000000000000        1.8478656161494451        1.8478743528006512        1.8478513042105358        1.8477817527898392        1.0000000000000000        0.0000000000000000        0.0000000000000000        1.0000000000000000        1.0000000000000000     
     23.000000000000000        0.0000000000000000        1.9276549972483783        1.9276632755327292        1.9276392265878040        1.9275642954581780        1.0000000000000000        0.0000000000000000        0.0000000000000000        1.0000000000000000        1.0000000000000000     
     24.000000000000000        0.0000000000000000        2.0064247907330066        2.0064326423980168        2.0064076678134457        2.0063273846924883        1.0000000000000000        0.0000000000000000        0.0000000000000000        1.0000000000000000        1.0000000000000000     
     25.000000000000000        0.0000000000000000        2.0840881196130709        2.0840955725143706        2.0840697516386584        2.0839841909969818        1.0000000000000000        0.0000000000000000        0.0000000000000000        1.0000000000000000        1.0000000000000000     
     26.000000000000000        0.0000000000000000        2.1605584101353337        2.1605654888240546        2.1605389054019821        2.1604481896212206        1.0000000000000000        0.0000000000000000        0.0000000000000000        1.0000000000000000        1.0000000000000000     
     27.000000000000000        0.0000000000000000        2.2357494557198869        2.2357561819213534        2.2357289238367164        2.2356332240093071        1.0000000000000000        0.0000000000000000        0.0000000000000000        1.0000000000000000        1.0000000000000000     
     28.000000000000000        0.0000000000000000        2.3095754805333022        2.3095818735401688        2.3095540325390576        2.3094535688938258        1.0000000000000000        0.0000000000000000        0.0000000000000000        1.0000000000000000        1.0000000000000000     
     29.000000000000000        0.0000000000000000        2.3819512026698155        2.3819572796672364        2.3819289510626627        2.3818239930026910        1.0000000000000000        0.0000000000000000        0.0000000000000000        1.0000000000000000        1.0000000000000000     
     30.000000000000000        0.0000000000000000        2.4527918969103473        2.4527976732466694        2.4527689556053152        2.4526598213470336        1.0000000000000000        0.0000000000000000        0.0000000000000000        1.0000000000000000        1.0000000000000000     
     31.000000000000000        0.0000000000000000        2.5220134570281307        2.5220189464415661        2.5219899412535245        2.5218769970587651        1.0000000000000000        0.0000000000000000        0.0000000000000000        1.0000000000000000        1.0000000000000000     
     32.000000000000000        0.0000000000000000        2.5895324576090797        2.5895376724185262        2.5895084837509303        2.5893921427465050        1.0000000000000000        0.0000000000000000        0.0000000000000000        1.0000000000000000        1.0000000000000000     
     33.000000000000000        0.0000000000000000        2.6552662153546707        2.6552711666211222        2.6552419007565597        2.6551226213387489        1.0000000000000000        0.0000000000000000        0.0000000000000000        1.0000000000000000        1.0000000000000000     
     34.000000000000000        0.0000000000000000        2.7191328498347773        2.7191375474984407        2.7191083125591704        2.7189865963837452        1.0000000000000000        0.0000000000000000        0.0000000000000000        1.0000000000000000        1.0000000000000000     
     35.000000000000000        0.0000000000000000        2.7810513436579343        2.7810557966551332        2.7810267022140942        2.7809030917754272        1.0000000000000000        0.0000000000000000        0.0000000000000000        1.0000000000000000        1.0000000000000000     
     36.000000000000000        0.0000000000000000        2.8409416020264180        2.8409458183895855        2.8409169750692560        2.8407920508753666        1.0000000000000000        0.0000000000000000        0.0000000000000000        1.0000000000000000        1.0000000000000000     
     37.000000000000000        0.0000000000000000        2.8987245116437386        2.8987284985871491        2.8987000176473705        2.8985743950009333        1.0000000000000000        0.0000000000000000        0.0000000000000000        1.0000000000000000        1.0000000000000000     
     38.000000000000000        0.0000000000000000        2.9543219989422513        2.9543257629356687        2.9542977558515493        2.9541720812501442        1.0000000000000000        0.0000000000000000        0.0000000000000000        1.0000000000000000        1.0000000000000000     
     39.000000000000000        0.0000000000000000        3.0076570875989193        3.0076606344309238        3.0076332124620149        3.0075081596341957        1.0000000000000000        0.0000000000000000        0.0000000000000000        1.0000000000000000        1.0000000000000000     
     40.000000000000000        0.0000000000000000        3.0586539553075540        3.0586572901400060        3.0586305638919269        3.0585068294888673        1.0000000000000000        0.0000000000000000        0.0000000000000000        1.0000000000000000        1.0000000000000000     
     41.000000000000000        0.0000000000000000        3.1072379897762161        3.1072411171910428        3.1072151961708245        3.1070934951365805        1.0000000000000000        0.0000000000000000        0.0000000000000000        1.0000000000000000        1.0000000000000000     
     42.000000000000000        0.0000000000000000        3.1533358439189181        3.1533387679582203        3.1533137601245955        3.1531948207710707        1.0000000000000000        0.0000000000000000        0.0000000000000000        1.0000000000000000        1.0000000000000000     
     43.000000000000000        0.0000000000000000        3.1968754902112311        3.1968782144115084        3.1968542257214594        3.1967387845373758        1.0000000000000000        0.0000000000000000        0.0000000000000000        1.0000000000000000        1.0000000000000000     
     44.000000000000000        0.0000000000000000        3.2377862741798711        3.2377888016010448        3.2377659355539117        3.2376547317799753        1.0000000000000000        0.0000000000000000        0.0000000000000000        1.0000000000000000        1.0000000000000000     
     45.000000000000000        0.0000000000000000        3.2759989669969727        3.2760013002467461        3.2759796574272184        3.2758734274325096        1.0000000000000000        0.0000000000000000        0.0000000000000000        1.0000000000000000        1.0000000000000000     
     46.000000000000000        0.0000000000000000        3.3114458171502630        3.3114479584042789        3.3114276360256190        3.3113271075230308        1.0000000000000000        0.0000000000000000        0.0000000000000000        1.0000000000000000        1.0000000000000000     
     47.000000000000000        0.0000000000000000        3.3440606011610532        3.3440625521791927        3.3440436436280438        3.3439495297691324        1.0000000000000000        0.0000000000000000        0.0000000000000000        1.0000000000000000        1.0000000000000000     
     48.000000000000000        0.0000000000000000        3.3737786733225619        3.3737804354616849        3.3737630298458292        3.3736760232377203        1.0000000000000000        0.0000000000000000        0.0000000000000000        1.0000000000000000        1.0000000000000000     
     49.000000000000000        0.0000000000000000        3.4005370144318361        3.4005385886551758        3.4005227703556042        3.4004435370448403        1.0000000000000000        0.0000000000000000        0.0000000000000000        1.0000000000000000        1.0000000000000000     
     50.000000000000000        0.0000000000000000        3.4242742794892020        3.4242756663725689        3.4242615146012452        3.4241906880714894        1.0000000000000000        0.0000000000000000        0.0000000000000000        1.0000000000000000        1.0000000000000000     
     51.000000000000000        0.0000000000000000        3.4449308443400004        3.4449320440749025        3.4449196324395719        3.4448578076715100        1.0000000000000000        0.0000000000000000        0.0000000000000000        1.0000000000000000        1.0000000000000000     
     52.000000000000000        0.0000000000000000        3.4624488512340621        3.4624498636277923        3.4624392597052061        3.4623869873487383        1.0000000000000000        0.0000000000000000        0.0000000000000000        1.0000000000000000        1.0000000000000000     
     53.000000000000000        0.0000000000000000        3.4767722532792349        3.4767730777519215        3.4767643426708355        3.4767221233805277        1.0000000000000000        0.0000000000000000        0.0000000000000000        1.0000000000000000        1.0000000000000000     
     54.000000000000000        0.0000000000000000        3.4878468577660917        3.4878474933446642        3.4878406813799341        3.4878089603657072        1.0000000000000000        0.0000000000000000        0.0000000000000000        1.0000000000000000        1.0000000000000000     
     55.000000000000000        0.0000000000000000        3.4956203683417564        3.4956208136507181        3.4956159718298263        3.4955951336753657        1.0000000000000000        0.0000000000000000        0.0000000000000000        1.0000000000000000        1.0000000000000000     
     56.000000000000000        0.0000000000000000        3.5000424260116931        3.5000426792605448        3.5000398469838587        3.5000302107854249        1.0000000000000000        0.0000000000000000        0.0000000000000000        1.0000000000000000        1.0000000000000000     
     57.000000000000000        0.0000000000000000        3.5010646489491548        3.5010647079162469        3.5010639165922735        3.5010657314702867        1.0000000000000000        0.0000000000000000        0.0000000000000000        1.0000000000000000        1.0000000000000000     
     58.000000000000000        0.0000000000000000        3.4986406710928621        3.4986405331053847        3.4986418058022934        3.4986552468380250        1.0000000000000000        0.0000000000000000        0.0000000000000000        1.0000000000000000        1.0000000000000000     
     59.000000000000000        0.0000000000000000        3.4927261795144298        3.4927258414241873        3.4927291925387958        3.4927543571870099        1.0000000000000000        0.0000000000000000        0.0000000000000000        1.0000000000000000        1.0000000000000000     
     60.000000000000000        0.0000000000000000        3.4832789505379069        3.4832784086924149        3.4832838436378384        3.4833207486656161        1.0000000000000000        0.0000000000000000        0.0000000000000000        1.0000000000000000        1.0000000000000000     
     61.000000000000000        0.0000000000000000        3.4702588845947826        3.4702581348031432        3.4702656497162381        3.4703142287161310        1.0000000000000000        0.0000000000000000        0.0000000000000000        1.0000000000000000        1.0000000000000000     
     62.000000000000000        0.0000000000000000        3.4536280397986636        3.4536270772915421        3.4536366587612481        3.4536967602852640        1.0000000000000000        0.0000000000000000        0.0000000000000000        1.0000000000000000        1.0000000000000000     
     63.000000000000000        0.0000000000000000        3.4333506642247946        3.4333494836076790        3.4333611084253248        3.4334324947836854        1.0000000000000000        0.0000000000000000        0.0000000000000000        1.0000000000000000        1.0000000000000000     
     64.000000000000000        0.0000000000000000        3.4093932268805345        3.4093918220792916        3.4094054570118497        3.4094878037777727        1.0000000000000000        0.0000000000000000        0.0000000000000000        1.0000000000000000        1.0000000000000000     
     65.000000000000000        0.0000000000000000        3.3817244473537773        3.3817228115512945        3.3817384131385517        3.3818313093971857        1.0000000000000000        0.0000000000000000        0.0000000000000000        1.0000000000000000        1.0000000000000000     
     66.000000000000000        0.0000000000000000        3.3503153241273043        3.3503134496897626        3.3503309640662851        3.3504339134424819        1.0000000000000000        0.0000000000000000        0.0000000000000000        1.0000000000000000        1.0000000000000000     
     67.000000000000000        0.0000000000000000        3.3151391615479437        3.3151370399389295        3.3151564026816551        3.3152688251772839        1.0000000000000000        0.0000000000000000        0.0000000000000000        1.0000000000000000        1.0000000000000000     
     68.000000000000000        0.0000000000000000        3.2761715954403678        3.2761692171206431        3.2761903531228738        3.2763115877903104        1.0000000000000000        0.0000000000000000        0.0000000000000000        1.0000000000000000        1.0000000000000000     
     69.000000000000000        0.0000000000000000        3.2333906173563345        3.2333879716665823        3.2334107950390405        3.2335401035128286        1.0000000000000000        0.0000000000000000        0.0000000000000000        1.0000000000000000        1.0000000000000000     
     70.000000000000000        0.0000000000000000        3.1867765974510824        3.1867736724743039        3.1867980864738876        3.1869346573777357        1.0000000000000000        0.0000000000000000        0.0000000000000000        1.0000000000000000        1.0000000000000000     
     71.000000000000000        0.0000000000000000        3.1363123059796543        3.1363090883790870        3.1363349853658362        3.1364779396069045        1.0000000000000000        0.0000000000000000        0.0000000000000000        1.0000000000000000        1.0000000000000000     
     72.000000000000000        0.0000000000000000        3.0819829334068638        3.0819794082342664        3.0820066696569706        3.0821550666139892        1.0000000000000000        0.0000000000000000        0.0000000000000000        1.0000000000000000        1.0000000000000000     
     73.000000000000000        0.0000000000000000        3.0237761091257513        3.0237722595935383        3.0238007560043343        3.0239536006103855        1.0000000000000000        0.0000000000000000        0.0000000000000000        1.0000000000000000        1.0000000000000000     
     74.000000000000000        0.0000000000000000        2.9616819187805499        2.9616777259895182        2.9617073170876660        2.9618635678025074        1.0000000000000000        0.0000000000000000        0.0000000000000000        1.0000000000000000        1.0000000000000000     
