2.000000000000000042e-02
2.000000000000000042e-02
2.000000000000000042e-02
2.000000000000000042e-02
2.000000000000000042e-02
2.000000000000000042e-02
2.000000000000000042e-02
2.000000000000000042e-02
2.000000000000000042e-02
2.000000000000000042e-02
2.000000000000000042e-02
2.000000000000000042e-02
2.000000000000000042e-02
2.000000000000000042e-02
2.000000000000000042e-02
2.000000000000000042e-02
2.000000000000000042e-02
2.000000000000000042e-02
2.000000000000000042e-02
2.000000000000000042e-02
2.000000000000000042e-02
2.000000000000000042e-02
2.000000000000000042e-02
2.000000000000000042e-02
2.000000000000000042e-02
5.999999999999999778e-02
5.999999999999999778e-02
5.999999999999999778e-02
5.999999999999999778e-02
5.999999999999999778e-02
5.999999999999999778e-02
5.999999999999999778e-02
5.999999999999999778e-02
5.999999999999999778e-02
5.999999999999999778e-02
5.999999999999999778e-02
5.999999999999999778e-02
5.999999999999999778e-02
5.999999999999999778e-02
5.999999999999999778e-02
5.999999999999999778e-02
5.999999999999999778e-02
5.999999999999999778e-02
5.999999999999999778e-02
5.999999999999999778e-02
5.999999999999999778e-02
5.999999999999999778e-02
5.999999999999999778e-02
5.999999999999999778e-02
5.999999999999999778e-02
1.000000000000000056e-01
1.000000000000000056e-01
1.000000000000000056e-01
1.000000000000000056e-01
1.000000000000000056e-01
1.000000000000000056e-01
1.000000000000000056e-01
1.000000000000000056e-01
1.000000000000000056e-01
1.000000000000000056e-01
1.000000000000000056e-01
1.000000000000000056e-01
1.000000000000000056e-01
1.000000000000000056e-01
1.000000000000000056e-01
1.000000000000000056e-01
1.000000000000000056e-01
1.000000000000000056e-01
1.000000000000000056e-01
1.000000000000000056e-01
1.000000000000000056e-01
1.000000000000000056e-01
1.000000000000000056e-01
1.000000000000000056e-01
1.000000000000000056e-01
1.400000000000000133e-01
1.400000000000000133e-01
1.400000000000000133e-01
1.400000000000000133e-01
1.400000000000000133e-01
1.400000000000000133e-01
1.400000000000000133e-01
1.400000000000000133e-01
1.400000000000000133e-01
1.400000000000000133e-01
1.400000000000000133e-01
1.400000000000000133e-01
1.400000000000000133e-01
1.400000000000000133e-01
1.400000000000000133e-01
1.400000000000000133e-01
1.400000000000000133e-01
1.400000000000000133e-01
1.400000000000000133e-01
1.400000000000000133e-01
1.400000000000000133e-01
1.400000000000000133e-01
1.400000000000000133e-01
1.400000000000000133e-01
1.400000000000000133e-01
1.799999999999999933e-01
1.799999999999999933e-01
1.799999999999999933e-01
1.799999999999999933e-01
1.799999999999999933e-01
1.799999999999999933e-01
1.799999999999999933e-01
1.799999999999999933e-01
1.799999999999999933e-01
1.799999999999999933e-01
1.799999999999999933e-01
1.799999999999999933e-01
1.799999999999999933e-01
1.799999999999999933e-01
1.799999999999999933e-01
1.799999999999999933e-01
1.799999999999999933e-01
1.799999999999999933e-01
1.799999999999999933e-01
1.799999999999999933e-01
1.799999999999999933e-01
1.799999999999999933e-01
1.799999999999999933e-01
1.799999999999999933e-01
1.799999999999999933e-01
2.200000000000000011e-01
2.200000000000000011e-01
2.200000000000000011e-01
2.200000000000000011e-01
2.200000000000000011e-01
2.200000000000000011e-01
2.200000000000000011e-01
2.200000000000000011e-01
2.200000000000000011e-01
2.200000000000000011e-01
2.200000000000000011e-01
2.200000000000000011e-01
2.200000000000000011e-01
2.200000000000000011e-01
2.200000000000000011e-01
2.200000000000000011e-01
2.200000000000000011e-01
2.200000000000000011e-01
2.200000000000000011e-01
2.200000000000000011e-01
2.200000000000000011e-01
2.200000000000000011e-01
2.200000000000000011e-01
2.200000000000000011e-01
2.200000000000000011e-01
2.600000000000000089e-01
2.600000000000000089e-01
2.600000000000000089e-01
2.600000000000000089e-01
2.600000000000000089e-01
2.600000000000000089e-01
2.600000000000000089e-01
2.600000000000000089e-01
2.600000000000000089e-01
2.600000000000000089e-01
2.600000000000000089e-01
2.600000000000000089e-01
2.600000000000000089e-01
2.600000000000000089e-01
2.600000000000000089e-01
2.600000000000000089e-01
2.600000000000000089e-01
2.600000000000000089e-01
2.600000000000000089e-01
2.600000000000000089e-01
2.600000000000000089e-01
2.600000000000000089e-01
2.600000000000000089e-01
2.600000000000000089e-01
2.600000000000000089e-01
2.999999999999999889e-01
2.999999999999999889e-01
2.999999999999999889e-01
2.999999999999999889e-01
2.999999999999999889e-01
2.999999999999999889e-01
2.999999999999999889e-01
2.999999999999999889e-01
2.999999999999999889e-01
2.999999999999999889e-01
2.999999999999999889e-01
2.999999999999999889e-01
2.999999999999999889e-01
2.999999999999999889e-01
2.999999999999999889e-01
2.999999999999999889e-01
2.999999999999999889e-01
2.999999999999999889e-01
2.999999999999999889e-01
2.999999999999999889e-01
2.999999999999999889e-01
2.999999999999999889e-01
2.999999999999999889e-01
2.999999999999999889e-01
2.999999999999999889e-01
3.400000000000000244e-01
3.400000000000000244e-01
3.400000000000000244e-01
3.400000000000000244e-01
3.400000000000000244e-01
3.400000000000000244e-01
3.400000000000000244e-01
3.400000000000000244e-01
3.400000000000000244e-01
3.400000000000000244e-01
3.400000000000000244e-01
3.400000000000000244e-01
3.400000000000000244e-01
3.400000000000000244e-01
3.400000000000000244e-01
3.400000000000000244e-01
3.400000000000000244e-01
3.400000000000000244e-01
3.400000000000000244e-01
3.400000000000000244e-01
3.400000000000000244e-01
3.400000000000000244e-01
3.400000000000000244e-01
3.400000000000000244e-01
3.400000000000000244e-01
3.800000000000000044e-01
3.800000000000000044e-01
3.800000000000000044e-01
3.800000000000000044e-01
3.800000000000000044e-01
3.800000000000000044e-01
3.800000000000000044e-01
3.800000000000000044e-01
3.800000000000000044e-01
3.800000000000000044e-01
3.800000000000000044e-01
3.800000000000000044e-01
3.800000000000000044e-01
3.800000000000000044e-01
3.800000000000000044e-01
3.800000000000000044e-01
3.800000000000000044e-01
3.800000000000000044e-01
3.800000000000000044e-01
3.800000000000000044e-01
3.800000000000000044e-01
3.800000000000000044e-01
3.800000000000000044e-01
3.800000000000000044e-01
3.800000000000000044e-01
4.199999999999999845e-01
4.199999999999999845e-01
4.199999999999999845e-01
4.199999999999999845e-01
4.199999999999999845e-01
4.199999999999999845e-01
4.199999999999999845e-01
4.199999999999999845e-01
4.199999999999999845e-01
4.199999999999999845e-01
4.199999999999999845e-01
4.199999999999999845e-01
4.199999999999999845e-01
4.199999999999999845e-01
4.199999999999999845e-01
4.199999999999999845e-01
4.199999999999999845e-01
4.199999999999999845e-01
4.199999999999999845e-01
4.199999999999999845e-01
4.199999999999999845e-01
4.199999999999999845e-01
4.199999999999999845e-01
4.199999999999999845e-01
4.199999999999999845e-01
4.600000000000000200e-01
4.600000000000000200e-01
4.600000000000000200e-01
4.600000000000000200e-01
4.600000000000000200e-01
4.600000000000000200e-01
4.600000000000000200e-01
4.600000000000000200e-01
4.600000000000000200e-01
4.600000000000000200e-01
4.600000000000000200e-01
4.600000000000000200e-01
4.600000000000000200e-01
4.600000000000000200e-01
4.600000000000000200e-01
4.600000000000000200e-01
4.600000000000000200e-01
4.600000000000000200e-01
4.600000000000000200e-01
4.600000000000000200e-01
4.600000000000000200e-01
4.600000000000000200e-01
4.600000000000000200e-01
4.600000000000000200e-01
4.600000000000000200e-01
5.000000000000000000e-01
5.000000000000000000e-01
5.000000000000000000e-01
5.000000000000000000e-01
5.000000000000000000e-01
5.000000000000000000e-01
5.000000000000000000e-01
5.000000000000000000e-01
5.000000000000000000e-01
5.000000000000000000e-01
5.000000000000000000e-01
5.000000000000000000e-01
5.000000000000000000e-01
5.000000000000000000e-01
5.000000000000000000e-01
5.000000000000000000e-01
5.000000000000000000e-01
5.000000000000000000e-01
5.000000000000000000e-01
5.000000000000000000e-01
5.000000000000000000e-01
5.000000000000000000e-01
5.000000000000000000e-01
5.000000000000000000e-01
5.000000000000000000e-01
5.400000000000000355e-01
5.400000000000000355e-01
5.400000000000000355e-01
5.400000000000000355e-01
5.400000000000000355e-01
5.400000000000000355e-01
5.400000000000000355e-01
5.400000000000000355e-01
5.400000000000000355e-01
5.400000000000000355e-01
5.400000000000000355e-01
5.400000000000000355e-01
5.400000000000000355e-01
5.400000000000000355e-01
5.400000000000000355e-01
5.400000000000000355e-01
5.400000000000000355e-01
5.400000000000000355e-01
5.400000000000000355e-01
5.400000000000000355e-01
5.400000000000000355e-01
5.400000000000000355e-01
5.400000000000000355e-01
5.400000000000000355e-01
5.400000000000000355e-01
5.799999999999999600e-01
5.799999999999999600e-01
5.799999999999999600e-01
5.799999999999999600e-01
5.799999999999999600e-01
5.799999999999999600e-01
5.799999999999999600e-01
5.799999999999999600e-01
5.799999999999999600e-01
5.799999999999999600e-01
5.799999999999999600e-01
5.799999999999999600e-01
5.799999999999999600e-01
5.799999999999999600e-01
5.799999999999999600e-01
5.799999999999999600e-01
5.799999999999999600e-01
5.799999999999999600e-01
5.799999999999999600e-01
5.799999999999999600e-01
5.799999999999999600e-01
5.799999999999999600e-01
5.799999999999999600e-01
5.799999999999999600e-01
5.799999999999999600e-01
6.199999999999999956e-01
6.199999999999999956e-01
6.199999999999999956e-01
6.199999999999999956e-01
6.199999999999999956e-01
6.199999999999999956e-01
6.199999999999999956e-01
6.199999999999999956e-01
6.199999999999999956e-01
6.199999999999999956e-01
6.199999999999999956e-01
6.199999999999999956e-01
6.199999999999999956e-01
6.199999999999999956e-01
6.199999999999999956e-01
6.199999999999999956e-01
6.199999999999999956e-01
6.199999999999999956e-01
6.199999999999999956e-01
6.199999999999999956e-01
6.199999999999999956e-01
6.199999999999999956e-01
6.199999999999999956e-01
6.199999999999999956e-01
6.199999999999999956e-01
6.600000000000000311e-01
6.600000000000000311e-01
6.600000000000000311e-01
6.600000000000000311e-01
6.600000000000000311e-01
6.600000000000000311e-01
6.600000000000000311e-01
6.600000000000000311e-01
6.600000000000000311e-01
6.600000000000000311e-01
6.600000000000000311e-01
6.600000000000000311e-01
6.600000000000000311e-01
6.600000000000000311e-01
6.600000000000000311e-01
6.600000000000000311e-01
6.600000000000000311e-01
6.600000000000000311e-01
6.600000000000000311e-01
6.600000000000000311e-01
6.600000000000000311e-01
6.600000000000000311e-01
6.600000000000000311e-01
6.600000000000000311e-01
6.600000000000000311e-01
7.000000000000000666e-01
7.000000000000000666e-01
7.000000000000000666e-01
7.000000000000000666e-01
7.000000000000000666e-01
7.000000000000000666e-01
7.000000000000000666e-01
7.000000000000000666e-01
7.000000000000000666e-01
7.000000000000000666e-01
7.000000000000000666e-01
7.000000000000000666e-01
7.000000000000000666e-01
7.000000000000000666e-01
7.000000000000000666e-01
7.000000000000000666e-01
7.000000000000000666e-01
7.000000000000000666e-01
7.000000000000000666e-01
7.000000000000000666e-01
7.000000000000000666e-01
7.000000000000000666e-01
7.000000000000000666e-01
7.000000000000000666e-01
7.000000000000000666e-01
7.399999999999999911e-01
7.399999999999999911e-01
7.399999999999999911e-01
7.399999999999999911e-01
7.399999999999999911e-01
7.399999999999999911e-01
7.399999999999999911e-01
7.399999999999999911e-01
7.399999999999999911e-01
7.399999999999999911e-01
7.399999999999999911e-01
7.399999999999999911e-01
7.399999999999999911e-01
7.399999999999999911e-01
7.399999999999999911e-01
7.399999999999999911e-01
7.399999999999999911e-01
7.399999999999999911e-01
7.399999999999999911e-01
7.399999999999999911e-01
7.399999999999999911e-01
7.399999999999999911e-01
7.399999999999999911e-01
7.399999999999999911e-01
7.399999999999999911e-01
7.800000000000000266e-01
7.800000000000000266e-01
7.800000000000000266e-01
7.800000000000000266e-01
7.800000000000000266e-01
7.800000000000000266e-01
7.800000000000000266e-01
7.800000000000000266e-01
7.800000000000000266e-01
7.800000000000000266e-01
7.800000000000000266e-01
7.800000000000000266e-01
7.800000000000000266e-01
7.800000000000000266e-01
7.800000000000000266e-01
7.800000000000000266e-01
7.800000000000000266e-01
7.800000000000000266e-01
7.800000000000000266e-01
7.800000000000000266e-01
7.800000000000000266e-01
7.800000000000000266e-01
7.800000000000000266e-01
7.800000000000000266e-01
7.800000000000000266e-01
8.200000000000000622e-01
8.200000000000000622e-01
8.200000000000000622e-01
8.200000000000000622e-01
8.200000000000000622e-01
8.200000000000000622e-01
8.200000000000000622e-01
8.200000000000000622e-01
8.200000000000000622e-01
8.200000000000000622e-01
8.200000000000000622e-01
8.200000000000000622e-01
8.200000000000000622e-01
8.200000000000000622e-01
8.200000000000000622e-01
8.200000000000000622e-01
8.200000000000000622e-01
8.200000000000000622e-01
8.200000000000000622e-01
8.200000000000000622e-01
8.200000000000000622e-01
8.200000000000000622e-01
8.200000000000000622e-01
8.200000000000000622e-01
8.200000000000000622e-01
8.599999999999999867e-01
8.599999999999999867e-01
8.599999999999999867e-01
8.599999999999999867e-01
8.599999999999999867e-01
8.599999999999999867e-01
8.599999999999999867e-01
8.599999999999999867e-01
8.599999999999999867e-01
8.599999999999999867e-01
8.599999999999999867e-01
8.599999999999999867e-01
8.599999999999999867e-01
8.599999999999999867e-01
8.599999999999999867e-01
8.599999999999999867e-01
8.599999999999999867e-01
8.599999999999999867e-01
8.599999999999999867e-01
8.599999999999999867e-01
8.599999999999999867e-01
8.599999999999999867e-01
8.599999999999999867e-01
8.599999999999999867e-01
8.599999999999999867e-01
9.000000000000000222e-01
9.000000000000000222e-01
9.000000000000000222e-01
9.000000000000000222e-01
9.000000000000000222e-01
9.000000000000000222e-01
9.000000000000000222e-01
9.000000000000000222e-01
9.000000000000000222e-01
9.000000000000000222e-01
9.000000000000000222e-01
9.000000000000000222e-01
9.000000000000000222e-01
9.000000000000000222e-01
9.000000000000000222e-01
9.000000000000000222e-01
9.000000000000000222e-01
9.000000000000000222e-01
9.000000000000000222e-01
9.000000000000000222e-01
9.000000000000000222e-01
9.000000000000000222e-01
9.000000000000000222e-01
9.000000000000000222e-01
9.000000000000000222e-01
9.400000000000000577e-01
9.400000000000000577e-01
9.400000000000000577e-01
9.400000000000000577e-01
9.400000000000000577e-01
9.400000000000000577e-01
9.400000000000000577e-01
9.400000000000000577e-01
9.400000000000000577e-01
9.400000000000000577e-01
9.400000000000000577e-01
9.400000000000000577e-01
9.400000000000000577e-01
9.400000000000000577e-01
9.400000000000000577e-01
9.400000000000000577e-01
9.400000000000000577e-01
9.400000000000000577e-01
9.400000000000000577e-01
9.400000000000000577e-01
9.400000000000000577e-01
9.400000000000000577e-01
9.400000000000000577e-01
9.400000000000000577e-01
9.400000000000000577e-01
9.799999999999999822e-01
9.799999999999999822e-01
9.799999999999999822e-01
9.799999999999999822e-01
9.799999999999999822e-01
9.799999999999999822e-01
9.799999999999999822e-01
9.799999999999999822e-01
9.799999999999999822e-01
9.799999999999999822e-01
9.799999999999999822e-01
9.799999999999999822e-01
9.799999999999999822e-01
9.799999999999999822e-01
9.799999999999999822e-01
9.799999999999999822e-01
9.799999999999999822e-01
9.799999999999999822e-01
9.799999999999999822e-01
9.799999999999999822e-01
9.799999999999999822e-01
9.799999999999999822e-01
9.799999999999999822e-01
9.799999999999999822e-01
9.799999999999999822e-01
